datetime_utc,username,post_link,text_content,relevance_score,upvotes,comments_count
2024-07-20 00:00:00,economic_news,https://reddit.com/r/Tariffs/comments/post0,Manufacturing sector concerned about USMCA impact on solar panels,0.82,54,70
2024-06-03 00:00:00,policy_researcher,https://reddit.com/r/Tariffs/comments/post1,Biden at G20 Summit: America First trade policy will create jobs,0.61,176,75
2024-05-29 00:00:00,Professional-Kale216,https://reddit.com/r/Tariffs/comments/post2,Automotive industry faces uncertainty over 20% car tariffs,0.87,47,67
2024-02-04 00:00:00,economic_news,https://reddit.com/r/Tariffs/comments/post3,Forbes analysis shows tariffs cost $100 billion annually,0.91,99,11
2024-09-14 00:00:00,policy_researcher,https://reddit.com/r/Tariffs/comments/post4,Trade war escalates as Germany imposes 20% tariff on US goods,0.65,218,84
2024-07-31 00:00:00,economic_observer,https://reddit.com/r/Tariffs/comments/post5,Automotive industry faces uncertainty over 25% car tariffs,0.86,137,90
2024-06-01 00:00:00,economic_news,https://reddit.com/r/Tariffs/comments/post6,Forbes supports MAGA tariff policy against China,0.67,499,7
2024-01-28 00:00:00,policy_researcher,https://reddit.com/r/Tariffs/comments/post7,Biden and Biden discuss trade deal in Tokyo,0.75,267,39
2024-08-27 00:00:00,trade_expert,https://reddit.com/r/Tariffs/comments/post8,Forbes analysis shows tariffs cost $200 billion annually,0.87,129,57
2024-05-17 00:00:00,trade_monitor,https://reddit.com/r/Tariffs/comments/post9,India accuses USA of unfair trade practices,0.95,358,60
2024-06-05 00:00:00,market_analyst,https://reddit.com/r/Tariffs/comments/post10,China retaliates with tariffs on American steel,0.89,132,88
2024-06-18 00:00:00,tariff_analyst,https://reddit.com/r/Tariffs/comments/post11,Trudeau negotiates with China over trade disputes,0.97,410,45
2024-09-18 00:00:00,economic_observer,https://reddit.com/r/Tariffs/comments/post12,Steel and aluminum tariffs announced for imports from UK,0.64,93,88
2024-01-23 00:00:00,retroanduwu24,https://reddit.com/r/Tariffs/comments/post13,Trade war escalates as Canada imposes 20% tariff on US goods,0.92,257,91
2024-01-05 00:00:00,policy_researcher,https://reddit.com/r/Tariffs/comments/post14,BBC reports that soybeans tariffs impact agriculture sector,0.81,305,68
2024-01-05 00:00:00,retroanduwu24,https://reddit.com/r/Tariffs/comments/post15,Trade war escalates as Mexico imposes 20% tariff on US goods,0.77,157,16
2024-05-07 00:00:00,Professional-Kale216,https://reddit.com/r/Tariffs/comments/post16,Biden at G20 Summit: America First trade policy will create jobs,0.77,412,73
2024-05-04 00:00:00,trade_monitor,https://reddit.com/r/Tariffs/comments/post17,Farmers worry about steel exports to Mexico,0.98,201,24
2024-01-20 00:00:00,trade_policy_wonk,https://reddit.com/r/Tariffs/comments/post18,Al Jazeera: India and USA reach temporary trade agreement,0.96,116,55
2024-07-17 00:00:00,Opioid-Connoisseur,https://reddit.com/r/Tariffs/comments/post19,The White House opposes the NAFTA trade agreement,0.96,15,76
2024-02-01 00:00:00,trade_policy_wonk,https://reddit.com/r/Tariffs/comments/post20,Wall Street Journal: Tariffs on aluminum raise consumer prices,0.99,285,90
2024-10-27 00:00:00,econ_student,https://reddit.com/r/Tariffs/comments/post21,CNN reports: China threatens retaliation against American tariffs,0.93,195,26
2024-06-04 00:00:00,policy_researcher,https://reddit.com/r/Tariffs/comments/post22,Small businesses struggle with increased costs from agricultural products tariffs,0.88,146,91
2024-06-28 00:00:00,tariff_analyst,https://reddit.com/r/Tariffs/comments/post23,Trump announces 15% tariff on India imports worth $200 billion,0.63,236,99
2024-04-22 00:00:00,tariff_analyst,https://reddit.com/r/Tariffs/comments/post24,Wall Street Journal: Tariffs on steel raise consumer prices,0.9,332,45
2024-07-04 00:00:00,trade_policy_wonk,https://reddit.com/r/Tariffs/comments/post25,Steel and aluminum tariffs announced for imports from EU,0.99,447,21
2024-07-30 00:00:00,econ_student,https://reddit.com/r/Tariffs/comments/post26,Trump announces 30% tariff on China imports worth $100 billion,0.9,64,93
2024-10-09 00:00:00,economic_news,https://reddit.com/r/Tariffs/comments/post27,USMCA replaces NAFTA with stricter manufacturing requirements,0.84,234,8
2024-01-22 00:00:00,political_junkie,https://reddit.com/r/Tariffs/comments/post28,World Bank analysis shows tariffs cost $50 billion annually,0.75,233,97
2024-01-05 00:00:00,econ_student,https://reddit.com/r/Tariffs/comments/post29,Biden and Trudeau discuss trade deal in Brussels,0.76,340,58
2024-04-25 00:00:00,trade_expert,https://reddit.com/r/Tariffs/comments/post30,Biden and Trudeau discuss trade deal in Beijing,0.8,55,42
2024-07-13 00:00:00,trade_policy_wonk,https://reddit.com/r/Tariffs/comments/post31,USMCA replaces NAFTA with stricter manufacturing requirements,0.7,448,26
2024-03-15 00:00:00,political_junkie,https://reddit.com/r/Tariffs/comments/post32,Trump announces 25% tariff on Germany imports worth $250 billion,0.82,113,54
2024-08-03 00:00:00,policy_watcher,https://reddit.com/r/Tariffs/comments/post33,Forbes analysis shows tariffs cost $100 billion annually,0.88,252,72
2024-08-01 00:00:00,economic_observer,https://reddit.com/r/Tariffs/comments/post34,Steel and aluminum tariffs announced for imports from Canada,0.7,264,66
2024-06-02 00:00:00,trade_policy_wonk,https://reddit.com/r/Tariffs/comments/post35,Canada exports cars to USA,0.8,193,96
2024-10-20 00:00:00,economic_news,https://reddit.com/r/Tariffs/comments/post36,Wall Street Journal: Tariffs on soybeans raise consumer prices,0.76,42,52
2024-01-30 00:00:00,trade_policy_wonk,https://reddit.com/r/Tariffs/comments/post37,Trump announces 25% tariff on Germany imports worth $100 billion,0.69,132,55
2024-06-23 00:00:00,policy_researcher,https://reddit.com/r/Tariffs/comments/post38,Farmers worry about steel exports to EU,0.97,485,21
2024-08-25 00:00:00,policy_researcher,https://reddit.com/r/Tariffs/comments/post39,Xi Jinping negotiates with Canada over trade disputes,0.74,263,28
2024-05-29 00:00:00,policy_watcher,https://reddit.com/r/Tariffs/comments/post40,Wall Street Journal: Tariffs on agricultural products raise consumer prices,0.65,266,82
2024-09-30 00:00:00,tariff_analyst,https://reddit.com/r/Tariffs/comments/post41,India accuses USA of unfair trade practices,0.71,268,67
2024-09-01 00:00:00,trade_monitor,https://reddit.com/r/Tariffs/comments/post42,Biden threatens India with additional 15% tariffs,0.94,382,80
2024-09-27 00:00:00,political_junkie,https://reddit.com/r/Tariffs/comments/post43,China accuses USA of unfair trade practices,0.73,426,37
2024-05-15 00:00:00,Professional-Kale216,https://reddit.com/r/Tariffs/comments/post44,Small businesses struggle with increased costs from steel tariffs,0.98,335,59
2024-09-26 00:00:00,political_junkie,https://reddit.com/r/Tariffs/comments/post45,BBC reports that cars tariffs impact manufacturing sector,0.83,339,50
2024-05-11 00:00:00,economic_observer,https://reddit.com/r/Tariffs/comments/post46,Macron negotiates with India over trade disputes,0.71,383,92
2024-06-07 00:00:00,economic_observer,https://reddit.com/r/Tariffs/comments/post47,WTO rules against Japan tariff measures,1.0,439,62
2024-01-05 00:00:00,Professional-Kale216,https://reddit.com/r/Tariffs/comments/post48,WTO rules against Mexico tariff measures,0.95,343,31
2024-10-10 00:00:00,global_trader,https://reddit.com/r/Tariffs/comments/post49,WTO rules against EU tariff measures,0.83,224,21
2024-07-09 00:00:00,market_analyst,https://reddit.com/r/Tariffs/comments/post50,Johnson increases tariffs on agricultural products from EU,0.63,461,93
2024-06-02 00:00:00,Opioid-Connoisseur,https://reddit.com/r/Tariffs/comments/post51,Small businesses struggle with increased costs from soybeans tariffs,0.79,390,61
2024-07-09 00:00:00,policy_watcher,https://reddit.com/r/Tariffs/comments/post52,Biden threatens India with additional 20% tariffs,0.89,201,96
2024-05-02 00:00:00,political_junkie,https://reddit.com/r/Tariffs/comments/post53,Forbes supports MAGA tariff policy against UK,0.93,208,58
2024-08-19 00:00:00,global_trader,https://reddit.com/r/Tariffs/comments/post54,Automotive industry faces uncertainty over 20% car tariffs,0.73,256,50
2024-07-14 00:00:00,econ_student,https://reddit.com/r/Tariffs/comments/post55,Manufacturing sector concerned about USMCA impact on agricultural products,0.67,481,36
2024-08-13 00:00:00,trade_policy_wonk,https://reddit.com/r/Tariffs/comments/post56,Al Jazeera: Japan and USA reach temporary trade agreement,0.61,476,59
2024-04-21 00:00:00,tariff_analyst,https://reddit.com/r/Tariffs/comments/post57,Manufacturing sector concerned about Section 232 impact on cars,0.93,179,48
2024-06-15 00:00:00,tariff_analyst,https://reddit.com/r/Tariffs/comments/post58,Forbes warns that tariff policy will harm agriculture,0.88,89,95
2024-05-18 00:00:00,tariff_analyst,https://reddit.com/r/Tariffs/comments/post59,Biden at Press Conference: America First trade policy will create jobs,0.83,310,55
2024-09-10 00:00:00,econ_student,https://reddit.com/r/Tariffs/comments/post60,Bloomberg warns that tariff policy will harm technology,0.66,357,52
2024-01-01 00:00:00,trade_monitor,https://reddit.com/r/Tariffs/comments/post61,Farmers worry about cars exports to UK,0.64,22,27
2024-06-02 00:00:00,econ_student,https://reddit.com/r/Tariffs/comments/post62,Al Jazeera: China and USA reach temporary trade agreement,0.84,146,100
2024-05-16 00:00:00,trade_expert,https://reddit.com/r/Tariffs/comments/post63,Automotive industry faces uncertainty over 15% car tariffs,0.84,294,44
2024-03-25 00:00:00,trade_expert,https://reddit.com/r/Tariffs/comments/post64,Manufacturing sector concerned about Section 232 impact on solar panels,0.75,151,68
2024-08-21 00:00:00,Opioid-Connoisseur,https://reddit.com/r/Tariffs/comments/post65,Mexico exports cars to USA,0.88,152,83
2024-03-12 00:00:00,market_analyst,https://reddit.com/r/Tariffs/comments/post66,Trump announces 30% tariff on EU imports worth $300 billion,0.61,183,100
2024-03-21 00:00:00,policy_researcher,https://reddit.com/r/Tariffs/comments/post67,Xi Jinping increases tariffs on solar panels from China,0.96,326,88
2024-07-03 00:00:00,retroanduwu24,https://reddit.com/r/Tariffs/comments/post68,Wall Street Journal: Tariffs on agricultural products raise consumer prices,0.83,185,95
2024-02-16 00:00:00,market_analyst,https://reddit.com/r/Tariffs/comments/post69,Automotive industry faces uncertainty over 30% car tariffs,0.92,37,70
2024-09-07 00:00:00,Opioid-Connoisseur,https://reddit.com/r/Tariffs/comments/post70,Steel and aluminum tariffs announced for imports from Japan,0.87,152,41
2024-08-19 00:00:00,Professional-Kale216,https://reddit.com/r/Tariffs/comments/post71,Trump announces 35% tariff on China imports worth $200 billion,0.85,96,74
2024-03-08 00:00:00,economic_observer,https://reddit.com/r/Tariffs/comments/post72,Farmers worry about solar panels exports to EU,0.79,498,73
2024-02-14 00:00:00,policy_watcher,https://reddit.com/r/Tariffs/comments/post73,CNN reports: China threatens retaliation against American tariffs,0.77,429,38
2024-04-15 00:00:00,Opioid-Connoisseur,https://reddit.com/r/Tariffs/comments/post74,BBC reports that electronics tariffs impact manufacturing sector,0.87,119,25
2024-10-12 00:00:00,Professional-Kale216,https://reddit.com/r/Tariffs/comments/post75,WTO supports MAGA tariff policy against Mexico,0.95,125,36
2024-09-10 00:00:00,trade_monitor,https://reddit.com/r/Tariffs/comments/post76,UK accuses USA of unfair trade practices,0.87,133,96
2024-05-28 00:00:00,policy_watcher,https://reddit.com/r/Tariffs/comments/post77,Trudeau at Press Conference: America First trade policy will create jobs,0.66,308,9
2024-03-17 00:00:00,econ_student,https://reddit.com/r/Tariffs/comments/post78,Automotive industry faces uncertainty over 35% car tariffs,0.71,230,95
2024-07-28 00:00:00,tariff_analyst,https://reddit.com/r/Tariffs/comments/post79,Farmers worry about aluminum exports to Germany,0.66,497,98
2024-08-14 00:00:00,economic_observer,https://reddit.com/r/Tariffs/comments/post80,WTO rules against Japan tariff measures,0.84,44,75
2024-01-14 00:00:00,political_junkie,https://reddit.com/r/Tariffs/comments/post81,Germany accuses USA of unfair trade practices,0.67,109,44
2024-01-27 00:00:00,market_analyst,https://reddit.com/r/Tariffs/comments/post82,Automotive industry faces uncertainty over 15% car tariffs,0.75,342,64
2024-02-27 00:00:00,Professional-Kale216,https://reddit.com/r/Tariffs/comments/post83,Farmers worry about aluminum exports to Japan,0.84,447,20
2024-08-10 00:00:00,econ_student,https://reddit.com/r/Tariffs/comments/post84,World Bank analysis shows tariffs cost $250 billion annually,0.86,27,86
2024-09-07 00:00:00,economic_observer,https://reddit.com/r/Tariffs/comments/post85,Small businesses struggle with increased costs from solar panels tariffs,0.69,190,82
2024-07-29 00:00:00,global_trader,https://reddit.com/r/Tariffs/comments/post86,Automotive industry faces uncertainty over 15% car tariffs,0.89,214,57
2024-06-21 00:00:00,policy_watcher,https://reddit.com/r/Tariffs/comments/post87,UK accuses USA of unfair trade practices,0.87,431,36
2024-10-21 00:00:00,Opioid-Connoisseur,https://reddit.com/r/Tariffs/comments/post88,Biden and Biden discuss trade deal in Ottawa,0.94,434,60
2024-05-19 00:00:00,tariff_analyst,https://reddit.com/r/Tariffs/comments/post89,BBC reports that soybeans tariffs impact manufacturing sector,0.64,428,67
2024-04-27 00:00:00,market_analyst,https://reddit.com/r/Tariffs/comments/post90,USMCA replaces NAFTA with stricter manufacturing requirements,0.72,342,25
2024-10-16 00:00:00,trade_policy_wonk,https://reddit.com/r/Tariffs/comments/post91,Bloomberg warns that tariff policy will harm energy,0.88,33,13
2024-04-17 00:00:00,market_analyst,https://reddit.com/r/Tariffs/comments/post92,Manufacturing sector concerned about MAGA impact on agricultural products,0.8,435,16
2024-03-12 00:00:00,trade_monitor,https://reddit.com/r/Tariffs/comments/post93,Xi Jinping increases tariffs on agricultural products from Germany,0.93,443,89
2024-01-05 00:00:00,market_analyst,https://reddit.com/r/Tariffs/comments/post94,Modi at Trade Conference: America First trade policy will create jobs,0.9,332,93
2024-01-02 00:00:00,Opioid-Connoisseur,https://reddit.com/r/Tariffs/comments/post95,India accuses USA of unfair trade practices,0.71,498,19
2024-07-08 00:00:00,market_analyst,https://reddit.com/r/Tariffs/comments/post96,BBC reports that aluminum tariffs impact energy sector,0.62,414,39
2024-08-25 00:00:00,trade_monitor,https://reddit.com/r/Tariffs/comments/post97,Trump negotiates with India over trade disputes,0.96,126,97
2024-02-29 00:00:00,tariff_analyst,https://reddit.com/r/Tariffs/comments/post98,Johnson negotiates with UK over trade disputes,0.95,239,75
2024-03-25 00:00:00,economic_news,https://reddit.com/r/Tariffs/comments/post99,WTO rules against Mexico tariff measures,0.67,277,72
2024-03-17 00:00:00,tariff_analyst,https://reddit.com/r/Tariffs/comments/post100,USMCA replaces NAFTA with stricter manufacturing requirements,0.88,168,73
2024-07-08 00:00:00,econ_student,https://reddit.com/r/Tariffs/comments/post101,Wall Street Journal: Tariffs on cars raise consumer prices,0.71,358,59
2024-05-18 00:00:00,political_junkie,https://reddit.com/r/Tariffs/comments/post102,USMCA replaces NAFTA with stricter manufacturing requirements,0.77,396,12
2024-10-18 00:00:00,Professional-Kale216,https://reddit.com/r/Tariffs/comments/post103,UK exports solar panels to USA,0.92,324,21
2024-08-16 00:00:00,trade_expert,https://reddit.com/r/Tariffs/comments/post104,Trump negotiates with Japan over trade disputes,0.63,69,74
2024-07-14 00:00:00,economic_news,https://reddit.com/r/Tariffs/comments/post105,Biden and Biden discuss trade deal in Beijing,0.67,26,74
2024-07-08 00:00:00,Professional-Kale216,https://reddit.com/r/Tariffs/comments/post106,Wall Street Journal: Tariffs on soybeans raise consumer prices,0.77,189,5
2024-10-27 00:00:00,market_analyst,https://reddit.com/r/Tariffs/comments/post107,Trump announces 15% tariff on Mexico imports worth $50 billion,0.88,250,26
2024-01-19 00:00:00,trade_policy_wonk,https://reddit.com/r/Tariffs/comments/post108,Manufacturing sector concerned about NAFTA impact on aluminum,0.9,19,20
2024-01-01 00:00:00,Professional-Kale216,https://reddit.com/r/Tariffs/comments/post109,The White House opposes the USMCA trade agreement,0.91,269,35
2024-04-25 00:00:00,political_junkie,https://reddit.com/r/Tariffs/comments/post110,Wall Street Journal: Tariffs on steel raise consumer prices,0.9,175,54
2024-03-23 00:00:00,trade_expert,https://reddit.com/r/Tariffs/comments/post111,Trump announces 30% tariff on Canada imports worth $300 billion,1.0,440,73
2024-04-30 00:00:00,political_junkie,https://reddit.com/r/Tariffs/comments/post112,Automotive industry faces uncertainty over 25% car tariffs,0.71,116,45
2024-04-03 00:00:00,economic_observer,https://reddit.com/r/Tariffs/comments/post113,Trump announces 15% tariff on India imports worth $50 billion,0.73,195,99
2024-09-08 00:00:00,tariff_analyst,https://reddit.com/r/Tariffs/comments/post114,Modi negotiates with India over trade disputes,0.76,74,96
2024-01-29 00:00:00,economic_observer,https://reddit.com/r/Tariffs/comments/post115,Modi negotiates with China over trade disputes,0.69,240,9
2024-07-07 00:00:00,tariff_analyst,https://reddit.com/r/Tariffs/comments/post116,Johnson at Press Conference: America First trade policy will create jobs,0.69,301,89
2024-06-17 00:00:00,economic_news,https://reddit.com/r/Tariffs/comments/post117,Farmers worry about solar panels exports to Germany,0.89,158,81
2024-06-15 00:00:00,Opioid-Connoisseur,https://reddit.com/r/Tariffs/comments/post118,WTO warns that tariff policy will harm manufacturing,0.78,87,99
2024-05-06 00:00:00,policy_watcher,https://reddit.com/r/Tariffs/comments/post119,WTO warns that tariff policy will harm manufacturing,0.92,43,55
2024-01-03 00:00:00,Opioid-Connoisseur,https://reddit.com/r/Tariffs/comments/post120,World Bank supports MAGA tariff policy against UK,0.72,39,6
2024-05-04 00:00:00,econ_student,https://reddit.com/r/Tariffs/comments/post121,Farmers worry about solar panels exports to UK,0.63,496,64
2024-05-21 00:00:00,Opioid-Connoisseur,https://reddit.com/r/Tariffs/comments/post122,Johnson negotiates with Canada over trade disputes,0.67,21,28
2024-04-18 00:00:00,policy_watcher,https://reddit.com/r/Tariffs/comments/post123,China retaliates with tariffs on American soybeans,0.96,318,7
2024-01-04 00:00:00,econ_student,https://reddit.com/r/Tariffs/comments/post124,Xi Jinping increases tariffs on cars from Canada,0.63,412,98
2024-10-13 00:00:00,tariff_analyst,https://reddit.com/r/Tariffs/comments/post125,EU exports steel to USA,0.8,311,87
2024-08-12 00:00:00,Opioid-Connoisseur,https://reddit.com/r/Tariffs/comments/post126,Johnson threatens Canada with additional 20% tariffs,0.92,213,89
2024-10-02 00:00:00,economic_news,https://reddit.com/r/Tariffs/comments/post127,Forbes warns that tariff policy will harm energy,0.71,274,54
2024-01-19 00:00:00,political_junkie,https://reddit.com/r/Tariffs/comments/post128,China exports steel to USA,0.98,295,67
2024-03-14 00:00:00,economic_news,https://reddit.com/r/Tariffs/comments/post129,UK accuses USA of unfair trade practices,0.62,65,57
2024-09-26 00:00:00,trade_monitor,https://reddit.com/r/Tariffs/comments/post130,The White House opposes the Section 232 trade agreement,0.69,82,52
2024-04-21 00:00:00,political_junkie,https://reddit.com/r/Tariffs/comments/post131,Steel and aluminum tariffs announced for imports from Canada,0.86,211,63
2024-01-04 00:00:00,political_junkie,https://reddit.com/r/Tariffs/comments/post132,Trump announces 20% tariff on Japan imports worth $50 billion,0.62,337,93
2024-06-10 00:00:00,trade_monitor,https://reddit.com/r/Tariffs/comments/post133,CNN reports: Japan threatens retaliation against American tariffs,0.68,42,74
2024-09-04 00:00:00,political_junkie,https://reddit.com/r/Tariffs/comments/post134,Farmers worry about electronics exports to India,0.78,171,100
2024-03-01 00:00:00,retroanduwu24,https://reddit.com/r/Tariffs/comments/post135,IMF analysis shows tariffs cost $100 billion annually,0.64,31,15
2024-09-19 00:00:00,trade_expert,https://reddit.com/r/Tariffs/comments/post136,Manufacturing sector concerned about Section 232 impact on electronics,0.94,294,9
2024-04-04 00:00:00,policy_watcher,https://reddit.com/r/Tariffs/comments/post137,Reuters analysis shows tariffs cost $100 billion annually,0.61,184,85
2024-10-27 00:00:00,trade_expert,https://reddit.com/r/Tariffs/comments/post138,BBC reports that cars tariffs impact manufacturing sector,0.97,401,64
2024-10-09 00:00:00,econ_student,https://reddit.com/r/Tariffs/comments/post139,The White House opposes the NAFTA trade agreement,0.83,27,57
2024-03-14 00:00:00,Opioid-Connoisseur,https://reddit.com/r/Tariffs/comments/post140,Forbes warns that tariff policy will harm manufacturing,0.87,426,30
2024-02-21 00:00:00,retroanduwu24,https://reddit.com/r/Tariffs/comments/post141,Biden and Macron discuss trade deal in Washington,0.92,107,70
2024-07-20 00:00:00,market_analyst,https://reddit.com/r/Tariffs/comments/post142,Trudeau at Press Conference: America First trade policy will create jobs,0.79,372,46
2024-07-07 00:00:00,econ_student,https://reddit.com/r/Tariffs/comments/post143,Johnson increases tariffs on solar panels from Mexico,0.75,373,56
2024-10-26 00:00:00,trade_monitor,https://reddit.com/r/Tariffs/comments/post144,Biden and Modi discuss trade deal in Washington,0.63,191,28
2024-06-02 00:00:00,global_trader,https://reddit.com/r/Tariffs/comments/post145,Steel and aluminum tariffs announced for imports from Germany,0.88,249,27
2024-04-27 00:00:00,political_junkie,https://reddit.com/r/Tariffs/comments/post146,Johnson at G20 Summit: America First trade policy will create jobs,0.94,475,93
2024-01-02 00:00:00,trade_monitor,https://reddit.com/r/Tariffs/comments/post147,Automotive industry faces uncertainty over 10% car tariffs,0.62,428,46
2024-01-11 00:00:00,tariff_analyst,https://reddit.com/r/Tariffs/comments/post148,EU accuses USA of unfair trade practices,0.81,396,15
2024-09-29 00:00:00,economic_news,https://reddit.com/r/Tariffs/comments/post149,Manufacturing sector concerned about Section 232 impact on cars,0.75,303,52
2024-07-29 00:00:00,retroanduwu24,https://reddit.com/r/Tariffs/comments/post150,USMCA replaces NAFTA with stricter manufacturing requirements,0.74,217,83
2024-05-31 00:00:00,policy_watcher,https://reddit.com/r/Tariffs/comments/post151,Trade war escalates as India imposes 30% tariff on US goods,0.68,131,21
2024-05-12 00:00:00,tariff_analyst,https://reddit.com/r/Tariffs/comments/post152,Wall Street Journal: Tariffs on electronics raise consumer prices,0.65,333,58
2024-03-07 00:00:00,tariff_analyst,https://reddit.com/r/Tariffs/comments/post153,Johnson increases tariffs on cars from India,0.93,240,40
2024-05-02 00:00:00,market_analyst,https://reddit.com/r/Tariffs/comments/post154,Wall Street Journal: Tariffs on steel raise consumer prices,0.68,484,14
2024-05-17 00:00:00,tariff_analyst,https://reddit.com/r/Tariffs/comments/post155,Farmers worry about agricultural products exports to Canada,0.87,94,42
2024-05-14 00:00:00,policy_watcher,https://reddit.com/r/Tariffs/comments/post156,Trump announces 30% tariff on Germany imports worth $150 billion,0.78,64,12
2024-07-10 00:00:00,tariff_analyst,https://reddit.com/r/Tariffs/comments/post157,Trump announces 10% tariff on Japan imports worth $100 billion,0.78,455,90
2024-03-29 00:00:00,political_junkie,https://reddit.com/r/Tariffs/comments/post158,Xi Jinping threatens Germany with additional 20% tariffs,0.7,206,55
2024-07-17 00:00:00,tariff_analyst,https://reddit.com/r/Tariffs/comments/post159,China retaliates with tariffs on American agricultural products,0.88,490,61
2024-03-25 00:00:00,political_junkie,https://reddit.com/r/Tariffs/comments/post160,CNN reports: EU threatens retaliation against American tariffs,0.98,94,94
2024-09-15 00:00:00,Opioid-Connoisseur,https://reddit.com/r/Tariffs/comments/post161,China retaliates with tariffs on American aluminum,0.61,248,77
2024-01-06 00:00:00,economic_observer,https://reddit.com/r/Tariffs/comments/post162,CNN reports: Germany threatens retaliation against American tariffs,0.82,456,73
2024-07-18 00:00:00,political_junkie,https://reddit.com/r/Tariffs/comments/post163,WTO rules against UK tariff measures,0.97,468,41
2024-05-31 00:00:00,trade_policy_wonk,https://reddit.com/r/Tariffs/comments/post164,Steel and aluminum tariffs announced for imports from Germany,0.82,66,83
2024-06-12 00:00:00,trade_policy_wonk,https://reddit.com/r/Tariffs/comments/post165,Macron increases tariffs on agricultural products from India,0.94,87,94
2024-09-19 00:00:00,economic_news,https://reddit.com/r/Tariffs/comments/post166,Bloomberg supports MAGA tariff policy against Japan,0.77,61,26
2024-08-12 00:00:00,econ_student,https://reddit.com/r/Tariffs/comments/post167,The White House opposes the Section 301 trade agreement,0.67,38,48
2024-03-05 00:00:00,Professional-Kale216,https://reddit.com/r/Tariffs/comments/post168,WTO warns that tariff policy will harm agriculture,0.85,486,94
2024-02-16 00:00:00,Professional-Kale216,https://reddit.com/r/Tariffs/comments/post169,IMF analysis shows tariffs cost $150 billion annually,0.88,64,11
2024-02-14 00:00:00,global_trader,https://reddit.com/r/Tariffs/comments/post170,Wall Street Journal: Tariffs on solar panels raise consumer prices,0.82,219,86
2024-09-12 00:00:00,political_junkie,https://reddit.com/r/Tariffs/comments/post171,Bloomberg warns that tariff policy will harm technology,0.61,212,52
2024-09-18 00:00:00,trade_policy_wonk,https://reddit.com/r/Tariffs/comments/post172,Japan accuses USA of unfair trade practices,0.62,364,15
2024-05-21 00:00:00,Professional-Kale216,https://reddit.com/r/Tariffs/comments/post173,Biden negotiates with China over trade disputes,0.86,270,19
2024-02-21 00:00:00,trade_expert,https://reddit.com/r/Tariffs/comments/post174,Biden and Johnson discuss trade deal in Washington,0.7,361,88
2024-01-08 00:00:00,global_trader,https://reddit.com/r/Tariffs/comments/post175,Automotive industry faces uncertainty over 15% car tariffs,0.87,356,90
2024-01-08 00:00:00,trade_policy_wonk,https://reddit.com/r/Tariffs/comments/post176,BBC reports that solar panels tariffs impact energy sector,0.94,357,47
2024-01-23 00:00:00,policy_watcher,https://reddit.com/r/Tariffs/comments/post177,Biden increases tariffs on agricultural products from Japan,0.82,29,21
2024-03-25 00:00:00,retroanduwu24,https://reddit.com/r/Tariffs/comments/post178,Biden at Trade Conference: America First trade policy will create jobs,0.68,312,60
2024-05-28 00:00:00,trade_expert,https://reddit.com/r/Tariffs/comments/post179,Japan accuses USA of unfair trade practices,0.93,79,35
2024-05-17 00:00:00,global_trader,https://reddit.com/r/Tariffs/comments/post180,Biden and Biden discuss trade deal in Beijing,0.96,419,44
2024-10-16 00:00:00,policy_researcher,https://reddit.com/r/Tariffs/comments/post181,WTO rules against UK tariff measures,0.84,80,10
2024-02-25 00:00:00,economic_observer,https://reddit.com/r/Tariffs/comments/post182,Manufacturing sector concerned about Section 232 impact on steel,0.94,349,29
2024-03-22 00:00:00,policy_researcher,https://reddit.com/r/Tariffs/comments/post183,USMCA replaces NAFTA with stricter manufacturing requirements,0.96,18,91
2024-10-23 00:00:00,Professional-Kale216,https://reddit.com/r/Tariffs/comments/post184,China accuses USA of unfair trade practices,0.64,252,17
2024-09-11 00:00:00,trade_expert,https://reddit.com/r/Tariffs/comments/post185,Small businesses struggle with increased costs from soybeans tariffs,0.77,422,75
2024-03-18 00:00:00,Professional-Kale216,https://reddit.com/r/Tariffs/comments/post186,The White House opposes the Section 301 trade agreement,0.67,331,91
2024-09-15 00:00:00,policy_watcher,https://reddit.com/r/Tariffs/comments/post187,Farmers worry about aluminum exports to Canada,0.96,259,19
2024-09-21 00:00:00,retroanduwu24,https://reddit.com/r/Tariffs/comments/post188,Biden at Press Conference: America First trade policy will create jobs,0.62,217,99
2024-09-22 00:00:00,market_analyst,https://reddit.com/r/Tariffs/comments/post189,Macron negotiates with China over trade disputes,0.99,138,86
2024-09-22 00:00:00,Professional-Kale216,https://reddit.com/r/Tariffs/comments/post190,BBC reports that steel tariffs impact manufacturing sector,1.0,85,79
2024-10-15 00:00:00,trade_policy_wonk,https://reddit.com/r/Tariffs/comments/post191,Farmers worry about aluminum exports to Japan,0.97,181,69
2024-01-01 00:00:00,trade_expert,https://reddit.com/r/Tariffs/comments/post192,The White House opposes the NAFTA trade agreement,0.96,256,6
2024-03-08 00:00:00,market_analyst,https://reddit.com/r/Tariffs/comments/post193,Wall Street Journal: Tariffs on steel raise consumer prices,0.98,312,29
2024-06-20 00:00:00,economic_observer,https://reddit.com/r/Tariffs/comments/post194,Manufacturing sector concerned about MAGA impact on agricultural products,0.77,353,65
2024-06-11 00:00:00,economic_news,https://reddit.com/r/Tariffs/comments/post195,Wall Street Journal: Tariffs on cars raise consumer prices,0.93,123,65
2024-01-26 00:00:00,Professional-Kale216,https://reddit.com/r/Tariffs/comments/post196,Automotive industry faces uncertainty over 30% car tariffs,0.69,32,14
2024-02-25 00:00:00,political_junkie,https://reddit.com/r/Tariffs/comments/post197,Farmers worry about electronics exports to Mexico,0.76,342,67
2024-01-08 00:00:00,Opioid-Connoisseur,https://reddit.com/r/Tariffs/comments/post198,Farmers worry about electronics exports to EU,0.79,265,88
2024-10-25 00:00:00,retroanduwu24,https://reddit.com/r/Tariffs/comments/post199,WTO rules against China tariff measures,0.8,23,55
